#1
double table(8, 134)
0 26.5 26.5 26.5 26.5 26.5 26.5 26.5 26.5 26.5 26.5 26.5 26.5 26.5 26.5 26.5 26.5 26.5 26.5 26.5 26.5 26.5 26.5 26.5 26.5 26.5 26.5 26.5 26.5 26.5 26.5 26.5 26.5 0.1 0.1 0.1 0.1 0.1 0.1 0.1 0.1 0.1 0.1 0.1 0.1 0.1 0.1 0.1 0.1 0.6 58.2 0 1.1 0.8 1.3 0.4 0.4 0 0 0 0 0.6 0.6 0.55 0.55 0.5 0.5 0 0 0.8 0.4 0.2 0.2 0 0 0 0 0.4 0.4 0 0 0 0 34.2 34.2 34.2 34.2 34.2 34.2 34.2 34.2 34.2 34.2 34.2 34.2 34.2 34.2 34.2 34.2 0 0 0 0 0 0 0 0 0 0 0 0 0 0 0 0 0 0 0 0 0 0 0 0 0 0 0 0 0 0 0 0 33.8 36.6 1
3600 26.5 26.5 26.5 26.5 26.5 26.5 26.5 26.5 26.5 26.5 26.5 26.5 26.5 26.5 26.5 26.5 26.5 26.5 26.5 26.5 26.5 26.5 26.5 26.5 26.5 26.5 26.5 26.5 26.5 26.5 26.5 26.5 0.1 0.1 0.1 0.1 0.1 0.1 0.1 0.1 0.1 0.1 0.1 0.1 0.1 0.1 0.1 0.1 0.6 58.2 0 1.1 0.8 1.3 0.4 0.4 0 0 0 0 0.6 0.6 0.55 0.55 0.5 0.5 0 0 0.8 0.4 0.2 0.2 0 0 0 0 0.4 0.4 0 0 0 0 34.2 34.2 34.2 34.2 34.2 34.2 34.2 34.2 34.2 34.2 34.2 34.2 34.2 34.2 34.2 34.2 0 0 0 0 0 0 0 0 0 0 0 0 0 0 0 0 0 0 0 0 0 0 0 0 0 0 0 0 0 0 0 0 33.8 36.6 1
3600 32.3 32.3 32.3 32.3 32.3 32.3 32.3 32.3 32.3 32.3 32.3 32.3 32.3 32.3 32.3 32.3 31.5 31.5 31.5 31.5 31.5 31.5 31.5 31.5 31.5 31.5 31.5 31.5 31.5 31.5 31.5 31.5 0.1 0.1 0.1 0.1 0.1 0.1 0.1 0.1 0.1 0.1 0.1 0.1 0.1 0.1 0.1 0.1 0.61 58.2 0 1.1 0.8 1.3 0.4 0.4 0 0 0 0 0.6 0.6 0.55 0.55 0.5 0.5 0 0 0.8 0.4 0.2 0.2 0 0 0 0 0.4 0.4 0 0 0 0 34.2 34.2 34.2 34.2 34.2 34.2 34.2 34.2 34.2 34.2 34.2 34.2 34.2 34.2 34.2 34.2 0 0 0 0 0 0 0 0 0 0 0 0 0 0 0 0 0 0 0 0 0 0 0 0 0 0 0 0 0 0 0 0 33.8 36.6 1
5400 32.3 32.3 32.3 32.3 32.3 32.3 32.3 32.3 32.3 32.3 32.3 32.3 32.3 32.3 32.3 32.3 31.5 31.5 31.5 31.5 31.5 31.5 31.5 31.5 31.5 31.5 31.5 31.5 31.5 31.5 31.5 31.5 0.1 0.1 0.1 0.1 0.1 0.1 0.1 0.1 0.1 0.1 0.1 0.1 0.1 0.1 0.1 0.1 0.61 58.2 0 1.1 0.8 1.3 0.4 0.4 0 0 0 0 0.6 0.6 0.55 0.55 0.5 0.5 0 0 0.8 0.4 0.2 0.2 0 0 0 0 0.4 0.4 0 0 0 0 34.2 34.2 34.2 34.2 34.2 34.2 34.2 34.2 34.2 34.2 34.2 34.2 34.2 34.2 34.2 34.2 0 0 0 0 0 0 0 0 0 0 0 0 0 0 0 0 0 0 0 0 0 0 0 0 0 0 0 0 0 0 0 0 33.8 36.6 1
5400 25 25 25 25 25 25 25 25 25 25 25 25 25 25 25 25 25.3 25.3 25.3 25.3 25.3 25.3 25.3 25.3 25.3 25.3 25.3 25.3 25.3 25.3 25.3 25.3 0.1 0.1 0.1 0.1 0.1 0.1 0.1 0.1 0.1 0.1 0.1 0.1 0.1 0.1 0.1 0.1 0.609 58.2 0 1.1 0.8 1.3 0.4 0.4 0 0 0 0 0.6 0.6 0.55 0.55 0.5 0.5 0 0 0.8 0.4 0.2 0.2 0 0 0 0 0.4 0.4 0 0 0 0 34.2 34.2 34.2 34.2 34.2 34.2 34.2 34.2 34.2 34.2 34.2 34.2 34.2 34.2 34.2 34.2 0 0 0 0 0 0 0 0 0 0 0 0 0 0 0 0 0 0 0 0 0 0 0 0 0 0 0 0 0 0 0 0 33.8 36.6 1
9000 25 25 25 25 25 25 25 25 25 25 25 25 25 25 25 25 25.3 25.3 25.3 25.3 25.3 25.3 25.3 25.3 25.3 25.3 25.3 25.3 25.3 25.3 25.3 25.3 0.1 0.1 0.1 0.1 0.1 0.1 0.1 0.1 0.1 0.1 0.1 0.1 0.1 0.1 0.1 0.1 0.609 58.2 0 1.1 0.8 1.3 0.4 0.4 0 0 0 0 0.6 0.6 0.55 0.55 0.5 0.5 0 0 0.8 0.4 0.2 0.2 0 0 0 0 0.4 0.4 0 0 0 0 34.2 34.2 34.2 34.2 34.2 34.2 34.2 34.2 34.2 34.2 34.2 34.2 34.2 34.2 34.2 34.2 0 0 0 0 0 0 0 0 0 0 0 0 0 0 0 0 0 0 0 0 0 0 0 0 0 0 0 0 0 0 0 0 33.8 36.6 1
9000 32.2 32.2 32.2 32.2 32.2 32.2 32.2 32.2 32.2 32.2 32.2 32.2 32.2 32.2 32.2 32.2 27.6 31.5 31.5 31.5 31.5 31.5 31.5 31.5 31.5 31.5 31.5 31.5 31.5 31.5 31.5 31.5 0.1 0.1 0.1 0.1 0.1 0.1 0.1 0.1 0.1 0.1 0.1 0.1 0.1 0.1 0.1 0.1 0.612 58.2 0 1.1 0.8 1.3 0.4 0.4 0 0 0 0 0.6 0.6 0.55 0.55 0.5 0.5 0 0 0.8 0.4 0.2 0.2 0 0 0 0 0.4 0.4 0 0 0 0 34.2 34.2 34.2 34.2 34.2 34.2 34.2 34.2 34.2 34.2 34.2 34.2 34.2 34.2 34.2 34.2 0 0 0 0 0 0 0 0 0 0 0 0 0 0 0 0 0 0 0 0 0 0 0 0 0 0 0 0 0 0 0 0 33.8 36.6 1
10800 32.2 32.2 32.2 32.2 32.2 32.2 32.2 32.2 32.2 32.2 32.2 32.2 32.2 32.2 32.2 32.2 31.5 31.5 31.5 31.5 31.5 31.5 31.5 31.5 31.5 31.5 31.5 31.5 31.5 31.5 31.5 31.5 0.1 0.1 0.1 0.1 0.1 0.1 0.1 0.1 0.1 0.1 0.1 0.1 0.1 0.1 0.1 0.1 0.612 58.2 0 1.1 0.8 1.3 0.4 0.4 0 0 0 0 0.6 0.6 0.55 0.55 0.5 0.5 0 0 0.8 0.4 0.2 0.2 0 0 0 0 0.4 0.4 0 0 0 0 34.2 34.2 34.2 34.2 34.2 34.2 34.2 34.2 34.2 34.2 34.2 34.2 34.2 34.2 34.2 34.2 0 0 0 0 0 0 0 0 0 0 0 0 0 0 0 0 0 0 0 0 0 0 0 0 0 0 0 0 0 0 0 0 33.8 36.6 1
