#1
double table(12, 131)
0 29.4 29.4 29.4 29.4 29.4 29.4 29.4 29.4 29.4 29.4 29.4 29.4 29.4 29.4 29.4 29.4 29.4 29.4 29.4 29.4 29.4 29.4 29.4 29.4 29.4 29.4 29.4 29.4 29.4 29.4 29.4 29.4 0.1 0.1 0.1 0.1 0.1 0.1 0.1 0.1 0.1 0.1 0.1 0.1 0.1 0.1 0.1 0.1 0.47 58.2 0 0 0 0.13 0 0 0 0 0 0 0 0 0 0 0 0 0 0 0 0 0 0 0 0 0 0 0 0 0 0 0 0 34 34 34 34 34 34 34 34 34 34 34 34 34 34 34 34 0 0 0 0 0 0 0 0 0 0 0 0 0 0 0 0 0 0 0 0 0 0 0 0 0 0 0 0 0 0 0 0
3600 29.4 29.4 29.4 29.4 29.4 29.4 29.4 29.4 29.4 29.4 29.4 29.4 29.4 29.4 29.4 29.4 29.4 29.4 29.4 29.4 29.4 29.4 29.4 29.4 29.4 29.4 29.4 29.4 29.4 29.4 29.4 29.4 0.1 0.1 0.1 0.1 0.1 0.1 0.1 0.1 0.1 0.1 0.1 0.1 0.1 0.1 0.1 0.1 0.47 58.2 0 0 0 0.13 0 0 0 0 0 0 0 0 0 0 0 0 0 0 0 0 0 0 0 0 0 0 0 0 0 0 0 0 34 34 34 34 34 34 34 34 34 34 34 34 34 34 34 34 0 0 0 0 0 0 0 0 0 0 0 0 0 0 0 0 0 0 0 0 0 0 0 0 0 0 0 0 0 0 0 0
3600 29.4 29.4 29.4 29.4 29.4 29.4 29.4 29.4 29.4 29.4 29.4 29.4 29.4 29.4 29.4 29.4 29.5 29.5 29.5 29.5 29.5 29.5 29.5 29.5 29.5 29.5 29.5 29.5 29.5 29.5 29.5 29.5 0.09 0.09 0.09 0.09 0.09 0.09 0.09 0.09 0.09 0.09 0.09 0.09 0.09 0.09 0.09 0.09 0.47 58.2 0 0 0 0.13 0 0 0 0 0 0 0 0 0 0 0 0 0 0 0 0 0 0 0 0 0 0 0 0 0 0 0 0 34 34 34 34 34 34 34 34 34 34 34 34 34 34 34 34 0 0 0 0 0 0 0 0 0 0 0 0 0 0 0 0 0 0 0 0 0 0 0 0 0 0 0 0 0 0 0 0
5400 29.4 29.4 29.4 29.4 29.4 29.4 29.4 29.4 29.4 29.4 29.4 29.4 29.4 29.4 29.4 29.4 29.5 29.5 29.5 29.5 29.5 29.5 29.5 29.5 29.5 29.5 29.5 29.5 29.5 29.5 29.5 29.5 0.09 0.09 0.09 0.09 0.09 0.09 0.09 0.09 0.09 0.09 0.09 0.09 0.09 0.09 0.09 0.09 0.47 58.2 0 0 0 0.13 0 0 0 0 0 0 0 0 0 0 0 0 0 0 0 0 0 0 0 0 0 0 0 0 0 0 0 0 34 34 34 34 34 34 34 34 34 34 34 34 34 34 34 34 0 0 0 0 0 0 0 0 0 0 0 0 0 0 0 0 0 0 0 0 0 0 0 0 0 0 0 0 0 0 0 0
5400 19.5 19.5 19.5 19.5 19.5 19.5 19.5 19.5 19.5 19.5 19.5 19.5 19.5 19.5 19.5 19.5 20.4 20.4 20.4 20.4 20.4 20.4 20.4 20.4 20.4 20.4 20.4 20.4 20.4 20.4 20.4 20.4 0.21 0.21 0.21 0.21 0.21 0.21 0.21 0.21 0.21 0.21 0.21 0.21 0.21 0.21 0.21 0.21 0.53 58.2 0 0 0 0.13 0 0 0 0 0 0 0 0 0 0 0 0 0 0 0 0 0 0 0 0 0 0 0 0 0 0 0 0 34 34 34 34 34 34 34 34 34 34 34 34 34 34 34 34 0 0 0 0 0 0 0 0 0 0 0 0 0 0 0 0 0 0 0 0 0 0 0 0 0 0 0 0 0 0 0 0
6600 19.5 19.5 19.5 19.5 19.5 19.5 19.5 19.5 19.5 19.5 19.5 19.5 19.5 19.5 19.5 19.5 20.4 20.4 20.4 20.4 20.4 20.4 20.4 20.4 20.4 20.4 20.4 20.4 20.4 20.4 20.4 20.4 0.21 0.21 0.21 0.21 0.21 0.21 0.21 0.21 0.21 0.21 0.21 0.21 0.21 0.21 0.21 0.21 0.53 58.2 0 0 0 0.13 0 0 0 0 0 0 0 0 0 0 0 0 0 0 0 0 0 0 0 0 0 0 0 0 0 0 0 0 34 34 34 34 34 34 34 34 34 34 34 34 34 34 34 34 0 0 0 0 0 0 0 0 0 0 0 0 0 0 0 0 0 0 0 0 0 0 0 0 0 0 0 0 0 0 0 0
6600 29.3 29.3 29.3 29.3 29.3 29.3 29.3 29.3 29.3 29.3 29.3 29.3 29.3 29.3 29.3 29.3 29.4 29.4 29.4 29.4 29.4 29.4 29.4 29.4 29.4 29.4 29.4 29.4 29.4 29.4 29.4 29.4 0.09 0.09 0.09 0.09 0.09 0.09 0.09 0.09 0.09 0.09 0.09 0.09 0.09 0.09 0.09 0.09 0.47 58.2 0 0 0 0.13 0 0 0 0 0 0 0 0 0 0 0 0 0 0 0 0 0 0 0 0 0 0 0 0 0 0 0 0 34 34 34 34 34 34 34 34 34 34 34 34 34 34 34 34 0 0 0 0 0 0 0 0 0 0 0 0 0 0 0 0 0 0 0 0 0 0 0 0 0 0 0 0 0 0 0 0
10200 29.3 29.3 29.3 29.3 29.3 29.3 29.3 29.3 29.3 29.3 29.3 29.3 29.3 29.3 29.3 29.3 29.4 29.4 29.4 29.4 29.4 29.4 29.4 29.4 29.4 29.4 29.4 29.4 29.4 29.4 29.4 29.4 0.09 0.09 0.09 0.09 0.09 0.09 0.09 0.09 0.09 0.09 0.09 0.09 0.09 0.09 0.09 0.09 0.47 58.2 0 0 0 0.13 0 0 0 0 0 0 0 0 0 0 0 0 0 0 0 0 0 0 0 0 0 0 0 0 0 0 0 0 34 34 34 34 34 34 34 34 34 34 34 34 34 34 34 34 0 0 0 0 0 0 0 0 0 0 0 0 0 0 0 0 0 0 0 0 0 0 0 0 0 0 0 0 0 0 0 0
10200 38.9 38.9 38.9 38.9 38.9 38.9 38.9 38.9 38.9 38.9 38.9 38.9 38.9 38.9 38.9 38.9 38.1 38.1 38.1 38.1 38.1 38.1 38.1 38.1 38.1 38.1 38.1 38.1 38.1 38.1 38.1 38.1 0.22 0.22 0.22 0.22 0.22 0.22 0.22 0.22 0.22 0.22 0.22 0.22 0.22 0.22 0.22 0.22 0.47 58.2 0 0 0 0.13 0 0 0 0 0 0 0 0 0 0 0 0 0 0 0 0 0 0 0 0 0 0 0 0 0 0 0 0 34 34 34 34 34 34 34 34 34 34 34 34 34 34 34 34 0 0 0 0 0 0 0 0 0 0 0 0 0 0 0 0 0 0 0 0 0 0 0 0 0 0 0 0 0 0 0 0
11400 38.9 38.9 38.9 38.9 38.9 38.9 38.9 38.9 38.9 38.9 38.9 38.9 38.9 38.9 38.9 38.9 38.1 38.1 38.1 38.1 38.1 38.1 38.1 38.1 38.1 38.1 38.1 38.1 38.1 38.1 38.1 38.1 0.22 0.22 0.22 0.22 0.22 0.22 0.22 0.22 0.22 0.22 0.22 0.22 0.22 0.22 0.22 0.22 0.47 58.2 0 0 0 0.13 0 0 0 0 0 0 0 0 0 0 0 0 0 0 0 0 0 0 0 0 0 0 0 0 0 0 0 0 34 34 34 34 34 34 34 34 34 34 34 34 34 34 34 34 0 0 0 0 0 0 0 0 0 0 0 0 0 0 0 0 0 0 0 0 0 0 0 0 0 0 0 0 0 0 0 0
11400 29.4 29.4 29.4 29.4 29.4 29.4 29.4 29.4 29.4 29.4 29.4 29.4 29.4 29.4 29.4 29.4 29.6 29.6 29.6 29.6 29.6 29.6 29.6 29.6 29.6 29.6 29.6 29.6 29.6 29.6 29.6 29.6 0.1 0.1 0.1 0.1 0.1 0.1 0.1 0.1 0.1 0.1 0.1 0.1 0.1 0.1 0.1 0.1 0.47 58.2 0 0 0 0.13 0 0 0 0 0 0 0 0 0 0 0 0 0 0 0 0 0 0 0 0 0 0 0 0 0 0 0 0 34 34 34 34 34 34 34 34 34 34 34 34 34 34 34 34 0 0 0 0 0 0 0 0 0 0 0 0 0 0 0 0 0 0 0 0 0 0 0 0 0 0 0 0 0 0 0 0
12600 29.4 29.4 29.4 29.4 29.4 29.4 29.4 29.4 29.4 29.4 29.4 29.4 29.4 29.4 29.4 29.4 29.6 29.6 29.6 29.6 29.6 29.6 29.6 29.6 29.6 29.6 29.6 29.6 29.6 29.6 29.6 29.6 0.1 0.1 0.1 0.1 0.1 0.1 0.1 0.1 0.1 0.1 0.1 0.1 0.1 0.1 0.1 0.1 0.47 58.2 0 0 0 0.13 0 0 0 0 0 0 0 0 0 0 0 0 0 0 0 0 0 0 0 0 0 0 0 0 0 0 0 0 34 34 34 34 34 34 34 34 34 34 34 34 34 34 34 34 0 0 0 0 0 0 0 0 0 0 0 0 0 0 0 0 0 0 0 0 0 0 0 0 0 0 0 0 0 0 0 0
